$ANSIBLE_VAULT;1.1;AES256
61663261643764373634393337623238643239623435303265363831316339623039643339323833
3133336138366233336233666263313962653563353735310a666536636531393939636565353165
33306434613330633761656131316137313134366261646531373134623130323733366632376137
6432326135623338300a653133656636663038333963323430363432616236373466383738336333
35316566333630336162303765353936346134376366626232306430306335393138633337633635
35363236653439343730313834393936323435303039346132356333653034643631663762303933
66396466393065386137326436306664636161306362303333633336623762383030353466373732
32616661646136613934306266663462343730663236313663333831353466623334393134613266
37356635646164626238623738663465613130323564316434623133303833366262616337383937
34633634356165666535376561376361616339343031346266663665366463633638316234643966
33303563326430363632313232363437313638643963316331623265643330316361613131356333
61306265326665643639346138356563313732656463303032653939323566393231393133373966
39306465333933303566666365333837616136366263383062323630323031373234366336613234
32656432333931653936383061336531636463346261633361633236613963386465346236623265
38336263333363383664623630306535316636663733396538346562623566653562643235313062
33346662626139386166326231363933386132303962616337636264346364396664613133306666
30333135353362396331623861353933633864396564613862396134666566636436326266646237
34316561613735666136656639623738313838623361663266346636633461613066633961636534
61623661363239303261663031616237656630343336313466373039643235356263343231633737
35346536373064383033396135366533366430326538663130353037663635383631353961666539
64356237303831623630306365323339383365636434663830333131396434396165626532396261
66646561633563353632326132306436356162633439366134616639326638613439656538353262
61633132626566323666623537613231623761386238646236636566396634633864366230396334
65633639316239663538343938343262393035636637396439306439333731386530353439313634
65663661363533326139383638656262323037343035346632663831376139326233396633613365
35623033313065346566666136646233323836336364336134316331393562656161613936626434
37663364316636316164306361326566653530323537316161343930353532346663343139333766
34303866346431623737623938303065336238303337366561316665356131346631636362333135
62386333623430353834363934363166373732653265616336393731646635666239643661626430
66333833333562393637393337333231343232623864353732633839633662633036623363633138
66356130613664373035363163646663303962633333343433613234666630393565333265386133
35363266653161326131623361343364626465653065616332303330316662363431623635343162
32306133653961333932376434313134653835343931383336393130313734363866663838336431
36396230366332303330663730303064346663306363343163396636336231376166373164633266
61616361386636313262643763356266333737313064383130333233633366343136656333663237
35656363393131386363386462313662613933353838356163313733613533626161626564393935
30663537626235666434346339623863356161626238366238393933353431376134356464656564
61303435336534343961393337323564643232663664353438383161653663336535373739383966
63313463643730666262303833316665623564393534613536323865633764623839376466373930
33626638363135643563373532653737363561383864376131306435303161366263326338663434
63363262623534383734383934633566326331343761326164313364343066643933653531663361
61353633393466323730653137373931313263666638376261343938376538646134373963393032
31343966303662333835646137343132376161343835323235623233616237326262333339643966
33313936376661353661316163303861323464356630333861326137643631666135356639303632
66373465656364383763613830313537386365356232376133326233383434313961393039616262
63636333383662326639623437613861346638616133666262333764353665663630666237313566
64656662373764303864346339316531393633626632383937663338346139303532633162386466
62343661646637326337666434666432333439643437393337633864326235646533643163363131
39646132383361343931633932383339613736626135376661656566613866333063343437636237
35353831316562346331353636623637393765376162356138353130643234663462346438333364
37373931363762366261653934323433373038326239653530306563316364353763396536303162
32666664363033626161646131366463623562396433303134393631363866663262353139663230
38633961636530383765316536646433636535633265353466373938636335323564393865653433
62626631333437373539313564636164663566313365323235346263653366373033376333633233
64626266386438663732646465663139613064633234306662396639303533376339353534633738
34353533653163343931643565663339393761623039383062616431393163623938356337626431
61333139353363333961636637316431636366316433393931363837313539653061653037663236
34333534333031653366613766376461633631646266633831383465353034326163336362373033
61393465646134653332653365316365613031333263623136363830313539323130306531386464
66383936393630643534303438363936663037653165643835393262633437626464353663383431
35366633653461653164373963626139376337343238623937666530303930366437663032393163
62353638396334363261666134393031383764303862636331646266306666333361303536623766
38323234353335663063363431383061393964346465323738613536646161363532663935366537
65346363333239386366383561343735623933366566346238323538306430333562636138636662
36613063383863326466663937343539656333313961323466643733643566633033336537623433
61646566666164313232396366356538383833643433366438623632663536636262323165336538
36316539663037393565663666373261333936383132313061393639366638343432396565393561
38326135376437313835616439353165386161343032616562313037353436663538613235636162
31396137613931643931656263633332366463636161653232643732633133643732643364653361
33646530363234366539386162636137313466353664313231373662396335353964326466396136
62383665636632356466323934653339663638666266303231316264383361343462383833366363
38653637643834396437306132303166376366303231313034636236656235356631313430646231
33363832623631356565326138643430653564306539383061383863323263306632343932323331
63333939393864656266353035633430646633643138353434356637636631363131323837333365
32326634633830663164656639666236353462653161653539343163363162656338623966396339
65376332323663643565333438333938376664386139623564353935636263623930646565333335
33373735386163333531363462653864636561373061623661316639393234376537646632363866
65313861313832376338316165616539376164613630326466373837373164363463396538356533
31316231313331623965323165303432376532613263376638336135636565356363323261633738
63393066343530666161653934666532653231323265336661386462393963366266343433636530
30316432666463343932383739383632366337613230373137306136346133373762306562326332
63303532393239376464396332643663386237376162666635633263653034396130643061613364
65376663336231636238616666333937623331653139383664643733313937343338343736313230
36656234666466623039653764366232353633613561343664343939306461303038353537643332
35346535646539366436353665353331376634393039373236353835373862346534383230323236
61323133316666306338333130353835353534663461343337323362323330633361373931353632
64336337643730343639643366386530316161643866363530393637616563303631363663353234
31633631646133623239323264346563663261643565333437333835343535353961666562623638
63353731323637633836386266393465363363633062373764643035343930613732656563386235
30346137636663616336353235376161363035613964623635366537316537396362653830313066
33323130336133333765653237613533336431663737376566373965613064653061396232353530
39626135363134616235316332313438366635646337306238303135313264666339343130653038
39353432326365616332366262393732363939396335326165616266653565663131626231343335
31323033376435373936643763323132306661386339636135326637666465323135323362333337
36663634343439333339386332663832363838303565623433333333626630653065376236333237
62383963366438303236333635373465623966623434393965626535616230646234303830366364
38313330333563333563636665326434653637313432376663613262636565636662393439346237
38616639366139623633313237363338316439363035316166616532636337383239373433623865
36346564666131313433623939313936613137303364346231376465646164363665623634303032
34633830343831356662353735653637323164386533613365343539633563373639346336663535
34353939393538666131663536633235623562353536353263633731656532346265656637303664
33356133383061326166356566646562663065383035373838373136356161623863633366353161
65363638376631633561373637613364396462313363303064386562633532313635646565396136
34323631633162663564626165336435383762663130373237633934663437663032343865643736
62303837326430386665366462393131616132653734346462643263346537613237376263653834
36653534333730303663616633626235316432633163613032663261356566346536383366643537
32333735376631373933623036616433623132303538326431623432393263306661333536333463
38666539333962323961656331323264613132396439343862343637316665666465626532313530
64363264656137323362376335656133316538663731303861666262643865643366613334626262
37613766653430363665666635356636653966346633333165643936643532663931303961323962
65376465663030613830333234316161666532303033363932343633316562643965633134386638
33623766613962643730616337643033306639656635343536383837323533353132303232313863
35633862316133363164303933653264366637303739323232333238626663623736333366386336
63333665373264303266326430646639373131333635653831373439613738656664656434653032
35363563613038323835663438313662383761663466356234366337383531646162663864323162
37643662623736393664363863663533343939383236376263663536353830393761653033306530
34313734633330316532306633343831626237333665366566653236643639313737373365346466
30323839323337353534393933663631303165336538613966366237653863626239643131633933
65376666646338663536366564643637333261393064646334613532343133356331636138303638
33343066336539343633666265363337336563373962343165636437636561316135613432376664
64356132346333303031353137333963643735613064666139666563616539366434613536333266
66633864383237616232303533343431373234353438666436393962373734663435326632636436
653661656366626364323734626530396361
